 20.000  20.000  20.000  20.000  20.000  20.000  20.000  20.000  20.000  20.000  20.000  20.000  20.000  20.000  20.000  20.000  20.000  20.000  20.000  20.000  20.000 
 20.000  20.298  20.717  21.335  22.147  23.068  23.978  24.760  25.318  25.631  25.728  25.631  25.318  24.760  23.978  23.068  22.147  21.335  20.717  20.298  20.000 
 20.000  20.717  21.682  23.020  24.671  26.430  28.065  29.398  30.318  30.821  30.976  30.821  30.318  29.398  28.065  26.430  24.671  23.020  21.682  20.717  20.000 
 20.000  21.335  23.020  25.170  27.594  29.948  31.942  33.439  34.411  34.924  35.079  34.924  34.411  33.438  31.941  29.948  27.594  25.170  23.020  21.335  20.000 
 20.000  22.147  24.671  27.594  30.561  33.138  35.087  36.405  37.194  37.588  37.704  37.588  37.194  36.405  35.087  33.138  30.561  27.594  24.671  22.147  20.000 
 20.000  23.068  26.430  29.948  33.138  35.597  37.243  38.228  38.760  39.007  39.077  39.007  38.760  38.228  37.243  35.597  33.138  29.948  26.430  23.068  20.000 
 20.000  23.978  28.065  31.942  35.087  37.243  38.515  39.184  39.504  39.639  39.676  39.639  39.504  39.184  38.515  37.243  35.087  31.941  28.065  23.978  20.000 
 20.000  24.760  29.398  33.439  36.405  38.228  39.184  39.626  39.811  39.881  39.898  39.881  39.811  39.626  39.184  38.228  36.405  33.438  29.398  24.760  20.000 
 20.000  25.318  30.318  34.411  37.194  38.760  39.504  39.811  39.924  39.962  39.970  39.962  39.924  39.811  39.504  38.760  37.194  34.411  30.318  25.318  20.000 
 20.000  25.631  30.821  34.924  37.588  39.007  39.639  39.881  39.962  39.986  39.991  39.986  39.962  39.881  39.639  39.007  37.588  34.924  30.821  25.631  20.000 
 20.000  25.728  30.976  35.079  37.704  39.077  39.676  39.898  39.970  39.991  39.995  39.991  39.970  39.898  39.676  39.077  37.704  35.079  30.976  25.728  20.000 
 20.000  25.631  30.821  34.924  37.588  39.007  39.639  39.881  39.962  39.986  39.991  39.986  39.962  39.881  39.639  39.007  37.588  34.924  30.821  25.630  20.000 
 20.000  25.318  30.318  34.411  37.194  38.760  39.504  39.811  39.924  39.962  39.970  39.962  39.924  39.811  39.504  38.760  37.194  34.411  30.318  25.318  20.000 
 20.000  24.760  29.398  33.438  36.405  38.228  39.184  39.626  39.811  39.881  39.898  39.881  39.811  39.626  39.184  38.228  36.405  33.438  29.398  24.760  20.000 
 20.000  23.978  28.065  31.941  35.087  37.243  38.515  39.184  39.504  39.639  39.676  39.639  39.504  39.184  38.515  37.243  35.087  31.941  28.065  23.978  20.000 
 20.000  23.068  26.430  29.948  33.138  35.597  37.243  38.228  38.760  39.007  39.077  39.007  38.760  38.228  37.243  35.597  33.138  29.948  26.430  23.068  20.000 
 20.000  22.147  24.671  27.594  30.561  33.138  35.087  36.405  37.194  37.588  37.704  37.588  37.194  36.405  35.087  33.138  30.561  27.594  24.671  22.147  20.000 
 20.000  21.335  23.020  25.170  27.594  29.948  31.941  33.438  34.411  34.924  35.079  34.924  34.411  33.438  31.941  29.948  27.594  25.170  23.020  21.335  20.000 
 20.000  20.717  21.682  23.020  24.671  26.430  28.065  29.398  30.318  30.821  30.976  30.821  30.318  29.398  28.065  26.430  24.671  23.020  21.682  20.717  20.000 
 20.000  20.298  20.717  21.335  22.147  23.068  23.978  24.760  25.318  25.631  25.728  25.630  25.318  24.760  23.978  23.068  22.147  21.335  20.717  20.298  20.000 
 20.000  20.000  20.000  20.000  20.000  20.000  20.000  20.000  20.000  20.000  20.000  20.000  20.000  20.000  20.000  20.000  20.000  20.000  20.000  20.000  20.000 
