 20.000  20.000  20.000  20.000  20.000  20.000  20.000  20.000  20.000  20.000  20.000  20.000  20.000  20.000  20.000  20.000  20.000  20.000  20.000  20.000  20.000 
 20.000  20.026  20.111  20.364  20.934  21.877  23.112  24.646  25.549  25.869  25.934  25.869  25.549  24.646  23.112  21.877  20.934  20.364  20.111  20.026  20.000 
 20.000  20.111  20.444  21.340  23.106  25.592  28.215  31.065  32.690  33.259  33.375  33.259  32.690  31.065  28.215  25.592  23.106  21.340  20.444  20.111  20.000 
 20.000  20.364  21.340  23.605  27.233  31.196  34.089  36.290  37.407  37.782  37.858  37.782  37.407  36.290  34.089  31.196  27.233  23.605  21.340  20.364  20.000 
 20.000  20.934  23.106  27.233  32.069  35.775  37.767  38.843  39.311  39.458  39.487  39.458  39.311  38.843  37.767  35.775  32.069  27.233  23.106  20.934  20.000 
 20.000  21.877  25.592  31.196  35.775  38.281  39.306  39.709  39.854  39.896  39.903  39.896  39.854  39.709  39.306  38.282  35.775  31.196  25.592  21.877  20.000 
 20.000  23.112  28.215  34.089  37.767  39.306  39.794  39.935  39.974  39.983  39.985  39.983  39.974  39.935  39.794  39.306  37.767  34.089  28.215  23.112  20.000 
 20.000  24.646  31.065  36.290  38.843  39.709  39.935  39.985  39.996  39.998  39.998  39.998  39.996  39.985  39.935  39.709  38.843  36.290  31.065  24.646  20.000 
 20.000  25.549  32.690  37.407  39.311  39.854  39.974  39.996  39.999  40.000  40.000  40.000  39.999  39.996  39.974  39.854  39.311  37.407  32.690  25.549  20.000 
 20.000  25.869  33.259  37.782  39.458  39.896  39.983  39.998  40.000  40.000  40.000  40.000  40.000  39.998  39.983  39.896  39.458  37.783  33.259  25.869  20.000 
 20.000  25.934  33.375  37.858  39.487  39.903  39.985  39.998  40.000  40.000  40.000  40.000  40.000  39.998  39.985  39.903  39.487  37.858  33.375  25.934  20.000 
 20.000  25.869  33.259  37.782  39.458  39.896  39.983  39.998  40.000  40.000  40.000  40.000  40.000  39.998  39.983  39.896  39.458  37.783  33.259  25.869  20.000 
 20.000  25.549  32.690  37.407  39.311  39.854  39.974  39.996  39.999  40.000  40.000  40.000  39.999  39.996  39.974  39.854  39.311  37.407  32.690  25.549  20.000 
 20.000  24.646  31.065  36.290  38.843  39.709  39.935  39.985  39.996  39.998  39.998  39.998  39.996  39.985  39.935  39.709  38.843  36.290  31.065  24.646  20.000 
 20.000  23.112  28.215  34.089  37.767  39.306  39.794  39.935  39.974  39.983  39.985  39.983  39.974  39.935  39.794  39.306  37.767  34.089  28.215  23.112  20.000 
 20.000  21.877  25.592  31.196  35.775  38.282  39.306  39.709  39.854  39.896  39.903  39.896  39.854  39.709  39.306  38.282  35.775  31.196  25.592  21.877  20.000 
 20.000  20.934  23.106  27.233  32.069  35.775  37.767  38.843  39.311  39.458  39.487  39.458  39.311  38.843  37.767  35.775  32.068  27.232  23.106  20.934  20.000 
 20.000  20.364  21.340  23.605  27.233  31.196  34.089  36.290  37.407  37.783  37.858  37.783  37.407  36.290  34.089  31.196  27.232  23.605  21.340  20.364  20.000 
 20.000  20.111  20.444  21.340  23.106  25.592  28.215  31.065  32.690  33.259  33.375  33.259  32.690  31.065  28.215  25.592  23.106  21.340  20.444  20.111  20.000 
 20.000  20.026  20.111  20.364  20.934  21.877  23.112  24.646  25.549  25.869  25.934  25.869  25.549  24.646  23.112  21.877  20.934  20.364  20.111  20.026  20.000 
 20.000  20.000  20.000  20.000  20.000  20.000  20.000  20.000  20.000  20.000  20.000  20.000  20.000  20.000  20.000  20.000  20.000  20.000  20.000  20.000  20.000 
