 20.000  20.000  20.000  20.000  20.000  20.000  20.000  20.000  20.000  20.000  20.000  20.000  20.000  20.000  20.000  20.000  20.000  20.000  20.000  20.000  20.000 
 20.000  20.000  20.001  20.008  20.060  20.288  20.697  22.596  22.968  23.005  23.007  23.005  22.968  22.596  20.697  20.288  20.060  20.008  20.001  20.000  20.000 
 20.000  20.001  20.009  20.098  20.676  22.811  25.097  34.860  36.770  36.960  36.972  36.960  36.770  34.860  25.096  22.811  20.676  20.098  20.009  20.001  20.000 
 20.000  20.008  20.098  20.864  24.721  34.863  37.182  39.282  39.669  39.707  39.709  39.707  39.669  39.282  37.182  34.863  24.721  20.864  20.098  20.008  20.000 
 20.000  20.060  20.676  24.721  35.234  39.094  39.697  39.937  39.977  39.981  39.981  39.981  39.977  39.937  39.697  39.094  35.234  24.721  20.677  20.060  20.000 
 20.000  20.288  22.811  34.863  39.094  39.884  39.976  39.996  39.999  39.999  39.999  39.999  39.999  39.996  39.976  39.885  39.094  34.863  22.811  20.288  20.000 
 20.000  20.697  25.097  37.182  39.697  39.976  39.998  40.000  40.000  40.000  40.000  40.000  40.000  40.000  39.998  39.976  39.697  37.182  25.096  20.697  20.000 
 20.000  22.596  34.860  39.282  39.937  39.996  40.000  40.000  40.000  40.000  40.000  40.000  40.000  40.000  40.000  39.996  39.937  39.282  34.860  22.596  20.000 
 20.000  22.968  36.770  39.669  39.977  39.999  40.000  40.000  40.000  40.000  40.000  40.000  40.000  40.000  40.000  39.999  39.977  39.669  36.770  22.968  20.000 
 20.000  23.005  36.960  39.707  39.981  39.999  40.000  40.000  40.000  40.000  40.000  40.000  40.000  40.000  40.000  39.999  39.981  39.707  36.960  23.005  20.000 
 20.000  23.007  36.972  39.709  39.981  39.999  40.000  40.000  40.000  40.000  40.000  40.000  40.000  40.000  40.000  39.999  39.981  39.709  36.972  23.007  20.000 
 20.000  23.005  36.960  39.707  39.981  39.999  40.000  40.000  40.000  40.000  40.000  40.000  40.000  40.000  40.000  39.999  39.981  39.707  36.960  23.005  20.000 
 20.000  22.968  36.770  39.669  39.977  39.999  40.000  40.000  40.000  40.000  40.000  40.000  40.000  40.000  40.000  39.999  39.977  39.669  36.770  22.968  20.000 
 20.000  22.596  34.860  39.282  39.937  39.996  40.000  40.000  40.000  40.000  40.000  40.000  40.000  40.000  40.000  39.996  39.937  39.282  34.860  22.596  20.000 
 20.000  20.697  25.096  37.182  39.697  39.976  39.998  40.000  40.000  40.000  40.000  40.000  40.000  40.000  39.998  39.976  39.697  37.182  25.096  20.697  20.000 
 20.000  20.288  22.811  34.863  39.094  39.885  39.976  39.996  39.999  39.999  39.999  39.999  39.999  39.996  39.976  39.885  39.094  34.863  22.811  20.288  20.000 
 20.000  20.060  20.676  24.721  35.234  39.094  39.697  39.937  39.977  39.981  39.981  39.981  39.977  39.937  39.697  39.094  35.234  24.721  20.677  20.060  20.000 
 20.000  20.008  20.098  20.864  24.721  34.863  37.182  39.282  39.669  39.707  39.709  39.707  39.669  39.282  37.182  34.863  24.721  20.864  20.098  20.008  20.000 
 20.000  20.001  20.009  20.098  20.677  22.811  25.096  34.860  36.770  36.960  36.972  36.960  36.770  34.860  25.096  22.811  20.677  20.098  20.009  20.001  20.000 
 20.000  20.000  20.001  20.008  20.060  20.288  20.697  22.596  22.968  23.005  23.007  23.005  22.968  22.596  20.697  20.288  20.060  20.008  20.001  20.000  20.000 
 20.000  20.000  20.000  20.000  20.000  20.000  20.000  20.000  20.000  20.000  20.000  20.000  20.000  20.000  20.000  20.000  20.000  20.000  20.000  20.000  20.000 
